0 0 
1 1 1749 566 100 100 5 
1 1 833 566 100 100 5 
1 1 2672 566 100 100 5 
6 1 3844 578 100 100 0 
8 1 1316 566 100 100 0 
1 1 4499 566 100 100 0 
9 1 4991 170 200 200 5 
7 1 6010 380 150 150 0 
1 1 7091 566 100 100 0 
1 1 7771 566 100 100 0 
1 1 8646 566 100 100 0 
8 1 9502 550 100 100 0 
1 1 10215 566 100 100 0 
1 1 11146 566 100 100 0 
1 1 12004 566 100 100 0 
6 1 11795 557 100 100 5 
6 1 18024 548 100 100 0 
4 1 12757 345 100 100 0 
1 1 13764 566 100 100 0 
9 1 14230 240 200 200 5 
9 1 15127 12 200 200 5 
5 1 15410 578 100 100 0 
1 1 16305 566 100 100 0 
1 1 17420 566 100 100 0 
1 1 18366 566 100 100 0 
7 1 19069 66 150 150 0 
6 1 19925 194 100 100 0 
1 1 20837 566 100 100 0 
1 1 21566 566 100 100 0 
1 0 22369 566 100 100 0 
1 1 20160 566 100 100 5 
1 1 19376 566 100 100 0 
1 1 16891 566 100 100 0 
9 1 15650 384 200 200 5 
4 1 12571 94 100 100 0 
4 1 11471 262 100 100 0 
5 1 12693 226 100 100 0 
7 1 13169 330 150 150 0 
1 1 13881 566 100 100 0 
1 1 13999 566 100 100 0 
1 1 14120 566 100 100 0 
9 1 8721 91 200 200 5 
5 1 2295 553 100 100 0 
9 1 1016 28 200 200 5 
9 1 3258 402 200 200 5 
1 1 5360 566 100 100 0 
4 1 6628 191 100 100 0 
4 1 7561 94 100 100 0 
4 1 10609 296 100 100 0 
6 1 22064 331 100 100 0 
1 1 18497 566 100 100 0 
1 1 18627 566 100 100 0 
1 1 18748 566 100 100 0 
4 1 20658 251 100 100 0 
0 0 0 0 0 0 0 
0 0 0 0 0 0 0 
0 0 0 0 0 0 0 
0 0 0 0 0 0 0 
0 0 0 0 0 0 0 
0 0 0 0 0 0 0 
0 0 0 0 0 0 0 
0 0 0 0 0 0 0 
0 0 0 0 0 0 0 
0 0 0 0 0 0 0 
0 0 0 0 0 0 0 
0 0 0 0 0 0 0 
0 0 0 0 0 0 0 
0 0 0 0 0 0 0 
0 0 0 0 0 0 0 
0 0 0 0 0 0 0 
0 0 0 0 0 0 0 
0 0 0 0 0 0 0 
0 0 0 0 0 0 0 
0 0 0 0 0 0 0 
0 0 0 0 0 0 0 
0 0 0 0 0 0 0 
0 0 0 0 0 0 0 
0 0 0 0 0 0 0 
0 0 0 0 0 0 0 
0 0 0 0 0 0 0 
0 0 0 0 0 0 0 
0 0 0 0 0 0 0 
0 0 0 0 0 0 0 
0 0 0 0 0 0 0 
0 0 0 0 0 0 0 
0 0 0 0 0 0 0 
0 0 0 0 0 0 0 
0 0 0 0 0 0 0 
0 0 0 0 0 0 0 
0 0 0 0 0 0 0 
0 0 0 0 0 0 0 
0 0 0 0 0 0 0 
0 0 0 0 0 0 0 
0 0 0 0 0 0 0 
0 0 0 0 0 0 0 
0 0 0 0 0 0 0 
0 0 0 0 0 0 0 
0 0 0 0 0 0 0 
0 0 0 0 0 0 0 
0 0 0 0 0 0 0 
