1 0 
4 1 880 271 100 100 0 
2 1 730 516 100 150 0 
4 1 3037 49 100 100 0 
2 1 1387 516 100 150 0 
6 1 1378 279 100 100 0 
2 1 2212 516 100 150 0 
9 1 2003 151 200 200 5 
2 1 4628 516 100 150 0 
4 1 4182 200 100 100 0 
4 1 5387 275 100 100 0 
2 1 6209 516 100 150 0 
2 1 6857 516 100 150 0 
2 1 5723 516 100 150 0 
2 1 7522 516 100 150 0 
2 1 8726 516 100 150 0 
2 1 9516 516 100 150 0 
4 1 10196 40 100 100 0 
4 1 10233 185 100 100 0 
4 1 10162 313 100 100 0 
9 1 10710 85 200 200 5 
6 1 11235 172 100 100 0 
2 1 11510 516 100 150 0 
2 1 12432 516 100 150 0 
5 1 13011 539 100 100 0 
6 1 13764 202 100 100 0 
4 1 13633 218 100 100 0 
4 1 13790 86 100 100 0 
4 1 13954 213 100 100 0 
4 1 13803 328 100 100 0 
2 1 14263 516 100 150 0 
2 1 15391 516 100 150 0 
4 1 15848 205 100 100 0 
4 1 16367 27 100 100 0 
2 1 17107 516 100 150 0 
2 1 17908 516 100 150 0 
7 1 19014 144 150 150 0 
9 1 19848 77 200 200 5 
9 1 20557 419 200 200 5 
2 1 21498 516 100 150 0 
2 1 21711 516 100 150 0 
2 1 21913 516 100 150 0 
6 1 21635 568 100 100 0 
5 1 21841 562 100 100 0 
9 1 5221 84 200 200 5 
9 1 9002 422 200 200 5 
9 1 17186 261 200 200 5 
9 0 22634 244 200 200 5 
4 0 22999 105 100 100 0 
4 1 2969 182 100 100 0 
4 1 2908 311 100 100 0 
5 1 3753 564 100 100 0 
5 1 11752 384 100 100 0 
5 1 13477 545 100 100 0 
9 1 15121 102 200 200 5 
0 0 0 0 0 0 0 
0 0 0 0 0 0 0 
0 0 0 0 0 0 0 
0 0 0 0 0 0 0 
0 0 0 0 0 0 0 
0 0 0 0 0 0 0 
0 0 0 0 0 0 0 
0 0 0 0 0 0 0 
0 0 0 0 0 0 0 
0 0 0 0 0 0 0 
0 0 0 0 0 0 0 
0 0 0 0 0 0 0 
0 0 0 0 0 0 0 
0 0 0 0 0 0 0 
0 0 0 0 0 0 0 
0 0 0 0 0 0 0 
0 0 0 0 0 0 0 
0 0 0 0 0 0 0 
0 0 0 0 0 0 0 
0 0 0 0 0 0 0 
0 0 0 0 0 0 0 
0 0 0 0 0 0 0 
0 0 0 0 0 0 0 
0 0 0 0 0 0 0 
0 0 0 0 0 0 0 
0 0 0 0 0 0 0 
0 0 0 0 0 0 0 
0 0 0 0 0 0 0 
0 0 0 0 0 0 0 
0 0 0 0 0 0 0 
0 0 0 0 0 0 0 
0 0 0 0 0 0 0 
0 0 0 0 0 0 0 
0 0 0 0 0 0 0 
0 0 0 0 0 0 0 
0 0 0 0 0 0 0 
0 0 0 0 0 0 0 
0 0 0 0 0 0 0 
0 0 0 0 0 0 0 
0 0 0 0 0 0 0 
0 0 0 0 0 0 0 
0 0 0 0 0 0 0 
0 0 0 0 0 0 0 
0 0 0 0 0 0 0 
0 0 0 0 0 0 0 
0 0 0 0 0 0 0 
