2 2 
6 1 763 559 100 100 0 
9 1 912 45 200 200 5 
9 1 966 297 200 200 5 
9 1 1524 460 200 200 5 
3 1 2150 516 100 150 0 
4 1 2379 289 100 100 0 
4 1 2109 101 100 100 0 
4 1 2763 25 100 100 0 
4 1 3011 349 100 100 0 
3 1 3040 516 100 150 0 
8 1 4403 527 100 100 0 
9 1 22201 361 200 200 5 
9 1 21346 86 200 200 5 
9 1 20262 64 200 200 5 
9 1 19226 408 200 200 5 
9 1 19745 414 200 200 5 
9 1 18240 214 200 200 5 
5 1 18073 557 100 100 0 
5 1 18583 62 100 100 0 
4 1 17978 125 100 100 0 
1 1 17565 566 100 100 0 
2 1 17000 516 100 150 0 
4 1 16355 237 100 100 0 
9 1 15432 210 200 200 5 
9 1 12934 273 200 200 5 
7 1 11723 308 150 150 0 
8 1 10446 510 100 100 0 
5 1 9740 330 100 100 0 
5 1 9872 449 100 100 0 
6 1 8844 380 100 100 0 
2 1 7772 516 100 150 0 
4 1 7894 259 100 100 0 
9 1 7246 203 200 200 5 
6 1 6311 475 100 100 0 
7 1 4369 211 150 150 0 
9 1 4197 129 200 200 5 
3 1 3800 516 100 150 0 
9 1 2468 322 200 200 5 
9 1 8493 236 200 200 5 
9 1 10389 248 200 200 5 
9 1 11679 199 200 200 5 
9 1 14772 279 200 200 5 
5 1 5607 131 100 100 0 
7 1 7702 49 150 150 0 
7 0 22523 1 150 150 0 
0 0 0 0 0 0 0 
0 0 0 0 0 0 0 
0 0 0 0 0 0 0 
0 0 0 0 0 0 0 
0 0 0 0 0 0 0 
0 0 0 0 0 0 0 
0 0 0 0 0 0 0 
0 0 0 0 0 0 0 
0 0 0 0 0 0 0 
0 0 0 0 0 0 0 
0 0 0 0 0 0 0 
0 0 0 0 0 0 0 
0 0 0 0 0 0 0 
0 0 0 0 0 0 0 
0 0 0 0 0 0 0 
0 0 0 0 0 0 0 
0 0 0 0 0 0 0 
0 0 0 0 0 0 0 
0 0 0 0 0 0 0 
0 0 0 0 0 0 0 
0 0 0 0 0 0 0 
0 0 0 0 0 0 0 
0 0 0 0 0 0 0 
0 0 0 0 0 0 0 
0 0 0 0 0 0 0 
0 0 0 0 0 0 0 
0 0 0 0 0 0 0 
0 0 0 0 0 0 0 
0 0 0 0 0 0 0 
0 0 0 0 0 0 0 
0 0 0 0 0 0 0 
0 0 0 0 0 0 0 
0 0 0 0 0 0 0 
0 0 0 0 0 0 0 
0 0 0 0 0 0 0 
0 0 0 0 0 0 0 
0 0 0 0 0 0 0 
0 0 0 0 0 0 0 
0 0 0 0 0 0 0 
0 0 0 0 0 0 0 
0 0 0 0 0 0 0 
0 0 0 0 0 0 0 
0 0 0 0 0 0 0 
0 0 0 0 0 0 0 
0 0 0 0 0 0 0 
0 0 0 0 0 0 0 
0 0 0 0 0 0 0 
0 0 0 0 0 0 0 
0 0 0 0 0 0 0 
0 0 0 0 0 0 0 
0 0 0 0 0 0 0 
0 0 0 0 0 0 0 
0 0 0 0 0 0 0 
0 0 0 0 0 0 0 
0 0 0 0 0 0 0 
